2.236000000000000000e+03
2.533000000000000000e+03
3.097000000000000000e+03
3.925000000000000000e+03
5.114000000000000000e+03
5.707000000000000000e+03
6.406000000000000000e+03
7.017000000000000000e+03
7.319000000000000000e+03
7.930000000000000000e+03
8.264000000000000000e+03
8.888000000000000000e+03
9.317000000000000000e+03
1.011500000000000000e+04
1.065000000000000000e+04
1.127700000000000000e+04
1.186700000000000000e+04
1.258300000000000000e+04
1.312100000000000000e+04
1.348900000000000000e+04
